Circle,2.4321179939890136E-5	1.858314238241955E-9
Circle,0.0013587768404053069	5.800242412061931E-6
Rectangle,0.2748533019064938,6.092573560014802E-4	1.6745639600782703E-4
Rectangle,0.031565800418682066,0.005548256616595748	1.751351610310936E-4
Rectangle,0.9292644161267183,2.0151653402089575E-4	1.8726214432680766E-4
Circle,0.008805633700940452	2.4359653356907508E-4
Circle,0.009662309867996544	2.9329981894209097E-4
Circle,0.010559651588672558	3.50307189672933E-4
Rectangle,9.098282893454934E-4,0.3851673830079353	3.5043618119379025E-4
Circle,0.013003604566872773	5.312236253760603E-4
Circle,0.013867999850725843	6.041955597592922E-4
Rectangle,0.006504828096057569,0.131155446966576	8.53143636379172E-4
Circle,0.0178802622394455	0.0010043790395085155
Rectangle,0.18094711836422472,0.0056868436728332306	0.001029017975186997
Circle,0.019423099965610424	0.0011851872299570025
Rectangle,0.9116362715322688,0.0014920214372676766	0.0013601808601169216
Circle,0.022769688171284996	0.0016287860412799121
Circle,0.023261244561971095	0.0016998702272772311
Rectangle,0.6611723421202562,0.002753693088886955	0.0018206657090597508
Circle,0.02431882674296104	0.001857954653072517
Rectangle,0.016312612082464928,0.16746257839347345	0.002731752079662105
Rectangle,0.08472786015761435,0.03328792857098839	0.00282041495689936
Circle,0.030788220037824776	0.0029779612077464462
Circle,0.030925313820474032	0.0030045407837021925
Rectangle,0.2514053461700039,0.012267445829635792	0.003084101465421357
Rectangle,0.0034679751667435754,0.8914259192725198	0.003091442951028662
Rectangle,0.6581283191222371,0.005018811706749671	0.003303022112554167
Circle,0.03265786844065277	0.003350622828193187
Circle,0.03414185729444219	0.003662049060081674
Rectangle,0.003882633107625044,0.9689387181352241	0.003762033546291592
Circle,0.03534156926641063	0.00392393253375523
Rectangle,0.05292273904999856,0.0811137499989083	0.004292761824559045
Circle,0.03723006420380459	0.004354491458738724
Circle,0.03746785359084048	0.004410293596392062
Circle,0.038344831890833486	0.004619165776985391
Circle,0.038571879789468855	0.004674029852890566
Circle,0.03949065561454457	0.004899351068116387
Rectangle,0.12389351724606279,0.039899640444969964	0.004943306791580591
Circle,0.04006978151406859	0.0050441015509588485
Rectangle,0.0121962176063517,0.422736493812515	0.005155786268683582
Rectangle,0.3109093470458252,0.01677179772496551	0.005214508679453683
Rectangle,0.010764249774568135,0.5008743303985294	0.005391536398079336
Circle,0.041969302618102944	0.005533671553113074
Circle,0.043238482279288615	0.005873415909981748
Rectangle,0.6828615581610299,0.008706409896021228	0.0059452726275856654
Rectangle,0.23426498884137037,0.025669709617696213	0.006013514237150821
Circle,0.045349223491922164	0.0064608488789847434
Rectangle,0.9276817940477959,0.006967871899434375	0.006463967904362504
Rectangle,0.20118391721553552,0.033412241039535995	0.006722005535283528
Circle,0.04722638620064368	0.007006793223772397
Rectangle,0.7413013754517727,0.009897453971482895	0.00733699624253088
Circle,0.04905545116787846	0.00756004570933949
Rectangle,0.0540711869403222,0.14551176722439108	0.0078679939676067
Rectangle,0.26415291194276636,0.030572207704643528	0.008075737689700664
Rectangle,0.1697448377848928,0.048484810756634356	0.008230046336916125
Circle,0.05265643685816135	0.008710695026910313
Circle,0.053832351339989426	0.009104090625444207
Rectangle,0.2715663315905531,0.03812480217674408	0.010353412669753922
Rectangle,0.5830087069879176,0.018374948750254583	0.010712755111855177
Rectangle,0.07358549505476053,0.1525510320577429	0.011225543215083655
Circle,0.05980212904144033	0.011235260961464906
Rectangle,0.06939086594358101,0.163428468093211	0.011340442920820811
Rectangle,0.2776209251273024,0.04094570318545743	0.011367383998334623
Rectangle,0.07265544808406821,0.16142011883525242	0.011728051063758804
Circle,0.06112814242668174	0.011739031549837456
Rectangle,0.03250712405056977,0.37998020952303624	0.012352063807726832
Circle,0.06292674450630509	0.012440000597013947
Rectangle,0.16209028173262285,0.07832493839910737	0.012695711331801644
Rectangle,0.04184150724881386,0.3052367003972746	0.012771563612276588
Circle,0.06423062357878051	0.01296086984535852
Rectangle,0.05971483343485706,0.22835415780347412	0.013636130497391522
Circle,0.06675124481706196	0.01399808450201457
Rectangle,0.04095934928321321,0.34739982770471534	0.014229270883885524
Rectangle,0.08215369118892102,0.1752406830455029	0.014396668958655831
Rectangle,0.7641386227141311,0.020020597580051924	0.015298511860734745
Rectangle,0.08165707896403285,0.19576948635730396	0.01598596440622652
Circle,0.07424319178539274	0.017316620581806167
Rectangle,0.028985712002377095,0.5999915024286196	0.017391180893269506
Rectangle,0.29511471389064103,0.05996371166839254	0.017696173612838557
Rectangle,0.3217518952844469,0.05501673030270726	0.017701737247249324
Rectangle,0.057934134279562066,0.3056796626465611	0.017709286622297104
Rectangle,0.13703729070408532,0.13216937099291703	0.018112132514932475
Rectangle,0.09126373232960816,0.19922027302866274	0.018181585672319332
Circle,0.07660596805357334	0.01843635587880129
Rectangle,0.031304578887697776,0.5920320547536013	0.01853331416207992
Circle,0.07759214428502914	0.01891408691991598
Rectangle,0.18630555335684829,0.1043366571671096	0.019438498648922126
Rectangle,0.10195315789774062,0.20049040953512187	0.020440630380316963
Rectangle,0.5130788245585589,0.04082746558423567	0.020947708051664654
Rectangle,0.11993218583968146,0.17697417916601266	0.021224900144563314
Circle,0.08286112205603058	0.021570066926605035
Rectangle,0.08845541441702964,0.24852155281207133	0.02198307694555549
Circle,0.08396312228612113	0.022147618437347576
Rectangle,0.03877928360320837,0.5722828533677248	0.022192719072000308
Rectangle,0.040782187162259675,0.5475743928137298	0.022331281372990227
Circle,0.08523024583248573	0.022821141032583692
Rectangle,0.053789018614002426,0.43055617433311644	0.023159194075577674
Circle,0.08605915268786779	0.023267193646249015
Rectangle,0.3188968360530994,0.07600806946829097	0.024238732867942175
Circle,0.08839805446077897	0.024549083681111153
Circle,0.08902396312270522	0.024897957474989532
Rectangle,0.3774866769560139,0.06615640247442278	0.02497316052943447
Rectangle,0.6700011588063408,0.0383913675322326	0.02572226073475597
Rectangle,0.733352073591828,0.035094348425867006	0.025736513189463673
Rectangle,0.14956124171760243,0.17525282810952114	0.026211030586581523
Rectangle,0.26789478274655476,0.09797034257709136	0.026245743640295433
Rectangle,0.03321098295893732,0.8251879344561375	0.027405302429143467
Rectangle,0.042367427391639345,0.6539389785503108	0.02770571219229309
Circle,0.09410139465100775	0.027819030635296796
Circle,0.09453211294396358	0.028074278448550902
Rectangle,0.02908055727190484,0.9771126426170816	0.028414980164728328
Rectangle,0.4383320684151417,0.06531051246337305	0.0286276920173232
Circle,0.09640041138533206	0.029194944042345895
Circle,0.09734784717641531	0.02977162746497595
Rectangle,0.29955563501596416,0.10008954175195517	0.029982386237963787
Rectangle,0.8469117627007918,0.036072788962795865	0.030550469286015115
Rectangle,0.06728016601334275,0.4553281998292247	0.030634556875066738
Circle,0.10046591966991736	0.03170935447884394
Circle,0.10279676447035113	0.033197758675554946
Circle,0.10370105711426403	0.0337844022865397
Rectangle,0.08045539271620705,0.42178186176793797	0.03393462532911241
Circle,0.10422151058691875	0.034124366664337526
Rectangle,0.31558241789958585,0.11159008006968951	0.035215867282001004
Rectangle,0.06832172106638545,0.5173313340909619	0.03534496710666376
Rectangle,0.19818950460106088,0.178941693450822	0.035464365577493315
Rectangle,0.21942177957976583,0.16711920033083294	0.03666959233853875
Rectangle,0.4332960414784587,0.08484711719640325	0.03676392001206039
Rectangle,0.18020152323092142,0.20437026093935728	0.03682783232437307
Rectangle,0.06620363308433042,0.556933782778698	0.0368710398073491
Rectangle,0.579087774796396,0.06399329989308167	0.03705773763696311
Rectangle,0.1047960661306453,0.35708325330139357	0.037420920227118806
Rectangle,0.04608069946437754,0.8233856808290296	0.0379421881015544
Rectangle,0.10476122550786338,0.364017382677995	0.03813490711551163
Circle,0.11306898425595091	0.04016399036155197
Rectangle,0.04873083882882179,0.8620236874507563	0.04200713737978945
Rectangle,0.050299689832034034,0.8394132284819974	0.04222222503355078
Rectangle,0.1040431918017044,0.43352152748190753	0.04510496343396797
Rectangle,0.2693068507583768,0.1698234580881136	0.045734620682607065
Circle,0.12079587355630483	0.04584099866695826
Rectangle,0.586301034064761,0.07969729672859815	0.04672660748414319
Rectangle,0.2628535026832114,0.1782695503554682	0.04685877573269595
Circle,0.12260834197577408	0.047226951390911216
Circle,0.12281730059976936	0.04738806421458309
Rectangle,0.08717008090007905,0.5485364375481518	0.04781596563771356
Rectangle,0.10492772067706924,0.46910845003445933	0.04922248041246864
Circle,0.1256523587183932	0.0496010835251895
Rectangle,0.6495172863919476,0.07669091400326722	0.04981207435432034
Rectangle,0.16684849450937278,0.30154301709502884	0.05031199843211962
Circle,0.12695733182016156	0.050636705935008415
Circle,0.12799401803556543	0.051467043167580044
Rectangle,0.0607388111974736,0.8582050341746618	0.052126353539456154
Rectangle,0.5395212300590069,0.09779869040923916	0.052764469747752715
Circle,0.12960651666681255	0.05277199952503441
Rectangle,0.06558745880719152,0.8069665248743845	0.05292688370898119
Rectangle,0.18978797118036572,0.2790673089004404	0.052963618378979005
Rectangle,0.09348649630598516,0.568783058484025	0.05317353529587374
Circle,0.13026624856741997	0.05331061412912212
Circle,0.13031447597768064	0.053350094943429606
Rectangle,0.11161550381654062,0.482511817440354	0.05385579960103978
Circle,0.13246506270409275	0.0551255037899378
Rectangle,0.11529229036182875,0.47855221131517445	0.055173380500244326
Rectangle,0.06318895618976483,0.8840698771214013	0.055863452734115006
Circle,0.1337978382659205	0.05624035665137013
Rectangle,0.1214593078976921,0.46545610360516065	0.05653397620063928
Rectangle,0.6317586255663153,0.09132776172478574	0.05769710122329858
Rectangle,0.07938870697648193,0.7305016471798889	0.05799358121380158
Circle,0.13637562403902304	0.058428316679094205
Rectangle,0.6208079255995969,0.0965951557299658	0.05996703825169008
Rectangle,0.16015857723840177,0.38190784092671737	0.06116581643901292
Rectangle,0.26901315091749867,0.22812995555518512	0.06136995816256928
Circle,0.1404447514198891	0.06196706121155619
Circle,0.14137031319126003	0.06278650560119699
Rectangle,0.8016632273918822,0.07906823698421317	0.06338609804495052
Rectangle,0.8445829041739144,0.07517495741853364	0.06349148385769549
Circle,0.1422093461227667	0.06353399313833409
Rectangle,0.3852166443392705,0.1652713115622486	0.06366526004555949
Rectangle,0.7665405967256017,0.08306312182708542	0.0636712549712254
Circle,0.14255023690733037	0.06383895356175966
Rectangle,0.20469942499771732,0.31212333664672964	0.0638914675399545
Rectangle,0.32997409853906823,0.19481925896755758	0.0642853093558691
Circle,0.14440968906031515	0.06551527049479013
Rectangle,0.1598997165493099,0.41211348047911034	0.0658968287147593
Rectangle,0.13623839239735813,0.4850493339548225	0.06608234149141431
Rectangle,0.1437888134492854,0.45980845259712244	0.06611531181289222
Rectangle,0.3898620080942905,0.1700837527141471	0.06630919337735013
Circle,0.1453304908472277	0.06635342628881151
Circle,0.14570349281676842	0.0666944658035166
Rectangle,0.5630905403648142,0.11867899127654369	0.06682701732786006
Rectangle,0.338790591185809,0.19941880598687467	0.06756121517386142
Circle,0.14709927333932715	0.06797839827212998
Rectangle,0.08368221472570869,0.817842491804754	0.06843887101101408
Rectangle,0.24774223543419216,0.2762761094036752	0.06844526094072793
Circle,0.14772625664915007	0.06855912383120273
Rectangle,0.4494507644895135,0.15298176669919628	0.06875777199591017
Rectangle,0.0750358960140527,0.9217856209579812	0.06916701000145208
Rectangle,0.21280643274148126,0.32507874096928935	0.06917884722576648
Circle,0.14937725044968575	0.07010012544512799
Rectangle,0.820285212082559,0.08722604423372493	0.07155023419338373
Rectangle,0.18165348740297738,0.3945332606211964	0.0716683426883081
Rectangle,0.07631441724603405,0.9408525947015484	0.07180061747906773
Circle,0.1512896555587675	0.07190653156740083
Rectangle,0.4335176759765377,0.16637479697613322	0.07212641532616156
Circle,0.1519997816769002	0.07258314816048542
Rectangle,0.31925574417645153,0.23232540811497882	0.07417122105884537
Circle,0.15378495244755286	0.07429807437913129
Rectangle,0.13405705761385078,0.5678478837866249	0.07612401647268681
Rectangle,0.5969636202809473,0.127745767387358	0.07625957577512499
Rectangle,0.11328904554071861,0.6913528362585221	0.07832270295159668
Rectangle,0.5318331906591164,0.14764023520038616	0.07851997735628376
Rectangle,0.41999825002806224,0.18785205288254103	0.07889753347484624
Circle,0.15872805080175767	0.07915115177031642
Rectangle,0.9453966864352128,0.08534011559851151	0.0806802625068308
Rectangle,0.2423692360739449,0.33529460395884647	0.08126509702122152
Rectangle,0.09622638259578631,0.8525429946692334	0.08203712838439907
Rectangle,0.20742854728376547,0.39634842222367006	0.08221397744006839
Rectangle,0.2971803740781098,0.2784862017813958	0.08276063362098718
Rectangle,0.10577354730620947,0.7949992169412531	0.08408988728153512
Rectangle,0.10721812365573236,0.7843104821368415	0.08409229825823494
Rectangle,0.9526132794108,0.08830690768387894	0.0841223329233667
Rectangle,0.24511161760767386,0.3478286123188915	0.08525683381571597
Rectangle,0.09018287441808992,0.9531909800565428	0.08596150245089525
Circle,0.16550802467443138	0.08605735297776973
Rectangle,0.1560616891770834,0.5614853592596002	0.08762635361425473
Rectangle,0.09810205007227801,0.8953804799171596	0.08783866067457351
Rectangle,0.2434394211229728,0.3611411397778803	0.08791599001121779
Rectangle,0.12652709455254707,0.6997605348692878	0.08853866735954728
Rectangle,0.22352540925705577,0.3986056629840409	0.08909849395068778
Rectangle,0.4558228027357829,0.19737433747638844	0.08996772369660565
Rectangle,0.9502356169212696,0.09518339807235265	0.09044665498794481
Rectangle,0.1973146931283003,0.4586617421975462	0.09050070091140042
Circle,0.17034787880498437	0.09116399167257579
Rectangle,0.32918497179695516,0.27719534254456657	0.09124854101778047
Circle,0.17075891096126106	0.09160446137020022
Rectangle,0.38569742501884885,0.24090761906861702	0.09291744834218732
Rectangle,0.4793970100216335,0.19430202803598995	0.09314781128159319
Rectangle,0.16636844164649012,0.5638312271636002	0.09380372261483634
Rectangle,0.4820783790511388,0.19512026199490828	0.0940632596225389
Circle,0.1732560100695244	0.09430321308926952
Rectangle,0.5653182472436127,0.16872091168998526	0.09538101006992683
Rectangle,0.8669407565242347,0.11054261133030718	0.09583389509486095
Circle,0.17501976620986437	0.09623301032651198
Rectangle,0.585012005770386,0.16735226827690253	0.0979030861348945
Rectangle,0.12581871085445717,0.7827405980046787	0.09848341297439556
Circle,0.17712624606306615	0.09856340756654608
Rectangle,0.9827869140567059,0.1028352692686465	0.1010651569407235
Rectangle,0.8709517503458211,0.11689209819283852	0.1018073775226483
Rectangle,0.4946344760946346,0.20598086715549968	0.10188523831097912
Rectangle,0.6552267345544768,0.15596640964382413	0.10219336129110874
Rectangle,0.17481838366805835,0.589790496556585	0.10310622131080373
Rectangle,0.4995236652521666,0.20667654007329583	0.10323982281904903
Rectangle,0.166555571583761,0.6206411390933255	0.10337123967008534
Rectangle,0.6465773961409262,0.1630719453637729	0.10543863381694367
Rectangle,0.9293819007563364,0.11390352019486905	0.10585987010154514
Rectangle,0.3256834048582876,0.3250938516201882	0.10587767249415785
Rectangle,0.6332227804265664,0.16727444901485466	0.1059219916995082
Rectangle,0.1143446844932734,0.9304664538860831	0.10639389310117908
Rectangle,0.6059879497995757,0.17580674860251222	0.1065367711465658
Rectangle,0.3259574879511522,0.32834995599080286	0.10702812682363348
Circle,0.1847657710579267	0.1072489157151683
Circle,0.18558131323839855	0.10819778246976236
Circle,0.18618726393650575	0.1089054998189602
Rectangle,0.742815429615461,0.14717295720775903	0.10932234343605937
Rectangle,0.20050550734942796,0.5469065231355148	0.10965776989399806
Rectangle,0.3420942136780548,0.3211758072484162	0.10987238523306145
Rectangle,0.48239059966439446,0.22860828010944712	0.11027848533024205
Rectangle,0.8237608760976448,0.13395002916527077	0.11034279337848853
Rectangle,0.16184334428519254,0.6819837880052506	0.11037453699905353
Rectangle,0.14393227426443078,0.7679100859609899	0.11052704510295981
Rectangle,0.7761597046119586,0.1436904306246496	0.11152672218919316
Circle,0.1888473027420421	0.11203957307299174
Circle,0.18892446379230665	0.11213114819375082
Rectangle,0.3774403410786161,0.29923153437605465	0.11294205239637571
Rectangle,0.981575039819958,0.115394997840639	0.1132688496004492
Rectangle,0.38879580085134224,0.2919202973570255	0.1134973857956867
Circle,0.1903675473095422	0.11385069908801415
Circle,0.19090745234427753	0.11449740313607175
Rectangle,0.1832999207392505,0.6340052812224602	0.11621311779634319
Rectangle,0.5118626938621135,0.22741627852119184	0.11640590895195395
Rectangle,0.2920736818149212,0.39879095416958443	0.11647634225879604
Circle,0.1926069257830194	0.1165450068307513
Circle,0.19360599556046088	0.11775720184611081
Rectangle,0.4512487545886438,0.2637903654648558	0.11903507388849936
Rectangle,0.8807261455570626,0.13579983717145527	0.11960246715929253
Rectangle,0.17067104330044736,0.7088889987484347	0.12098682500060487
Circle,0.19642390804545806	0.12121003250767176
Rectangle,0.2579581260956548,0.4779129039527311	0.1232815171405792
Rectangle,0.3097360318198148,0.39958476211631155	0.123765798593571
Circle,0.19895985039099184	0.1243600145197804
Rectangle,0.256807175590002,0.4865836733749812	0.12495817884763698
Rectangle,0.8896004976072305,0.14048743724025914	0.12497769407649909
Rectangle,0.6001208194685232,0.2102529839857471	0.12617719304522884
Circle,0.20055689695305434	0.12636449780957618
Rectangle,0.13606396960190503,0.932709932855659	0.12690821595146726
Rectangle,0.22838306449199408,0.5560232906033009	0.12698630303690445
Circle,0.20124188979550062	0.12722915613460048
Circle,0.2013628636023489	0.12738216624137935
Circle,0.2020212026349114	0.12821645850638438
Circle,0.202806804613198	0.12921559078962205
Rectangle,0.5883701207259355,0.22006320828828907	0.12947861642791733
Circle,0.2031035669403315	0.1295940236052472
Circle,0.20441380736711745	0.13127146361453107
Rectangle,0.6284589453263297,0.2098711238702201	0.13189538516193003
Circle,0.20500348417667646	0.13202991910942713
Rectangle,0.18931841487080758,0.6988726391784754	0.13230946024584683
Rectangle,0.3478233993000699,0.3809115269221738	0.13248994212665058
Circle,0.2062415646941197	0.13362947509245413
Rectangle,0.8440643393754985,0.15851482105403325	0.13379670771419794
Rectangle,0.975747834272952,0.1380955745707546	0.13474645781009276
Circle,0.20715778832017884	0.13481940437416848
Rectangle,0.22980835752239248,0.5893757067749984	0.1354434631375616
Rectangle,0.4535154676193094,0.3010143627988998	0.1365146695048715
Rectangle,0.24024656808519818,0.5739289493819791	0.1378844604137639
Rectangle,0.8202194894945237,0.1683875354098816	0.13811473833113413
Circle,0.2098947096364332	0.138405343489473
Rectangle,0.8325697122593129,0.16627460140645378	0.13843519704900317
Rectangle,0.5351392367327651,0.2621397097050988	0.1402812441689352
Rectangle,0.9470541744419168,0.14936179711255138	0.14145371345758842
Rectangle,0.16373016552367214,0.8650911342502239	0.14164151460385044
Rectangle,0.1821587146157676,0.7777492671058843	0.1416738067893632
Rectangle,0.7737979417051188,0.18395831721542633	0.14234656722083422
Rectangle,0.18211696257569765,0.7902592555133442	0.14391961526142238
Rectangle,0.2069446097868619,0.7034533778811821	0.14557588478887115
Rectangle,0.29489394943445024,0.4951346012669873	0.14601219806927362
Rectangle,0.6970211438832242,0.2117178476609609	0.14757181635713718
Rectangle,0.194058091240619,0.7612232147081662	0.14772152405431463
Circle,0.21689105975070055	0.14778595903433636
Rectangle,0.8108762944041016,0.1831486487605396	0.1485108976320647
Rectangle,0.5291096247118637,0.2810050456730391	0.14868247425820183
Rectangle,0.23226449991935694,0.652450171640653	0.15154101283841487
Rectangle,0.5551234383993513,0.27308364784648653	0.15159513356317922
Circle,0.22006792463267866	0.15214699120017633
Rectangle,0.3668297511927222,0.4154230004472478	0.15238951589379804
Rectangle,0.5024845221865065,0.3044041864018937	0.15295839215572782
Rectangle,0.1973999933337347,0.7784284734425955	0.15366177546835763
Circle,0.2218271061114756	0.15458918224544183
Circle,0.2225459866388222	0.15559276767310432
Rectangle,0.18286054592195689,0.8526983586667369	0.1559248873725561
Rectangle,0.4357491875350642,0.3600348926338286	0.15688491194946488
Rectangle,0.9043542614192891,0.17359910868410044	0.15699509371705656
Rectangle,0.17229917264780503,0.9167508717387741	0.1579554167247448
Rectangle,0.19408886176946982,0.8163692952753921	0.15844818730354507
Rectangle,0.1679142593272709,0.9489967666969064	0.15935008918388593
Circle,0.2254424556014768	0.15966924997823698
Rectangle,0.22742776714292723,0.7044357181716167	0.16020824247949514
Circle,0.22625582563911484	0.16082346435850153
Rectangle,0.7606965449075329,0.21198206804480813	0.16125402674403908
Circle,0.22657497191829246	0.16127748501701802
Circle,0.22686694273928654	0.16169340614872696
Rectangle,0.7549423190831027,0.21532296705739162	0.16255642010216176
Circle,0.22784962346259674	0.16309719919308874
Rectangle,0.5534211395630041,0.29659742821029444	0.16414328671159745
Rectangle,0.1977146036808971,0.8328034813959233	0.16465741026826633
Rectangle,0.4145743599207483,0.3991349508857831	0.16547111678547285
Circle,0.2299648406246072	0.16613944529817748
Rectangle,0.7810605627963754,0.21373935660733723	0.166943382163462
Circle,0.2318658915620463	0.1688976497538653
Rectangle,0.20917676189227796,0.8074517436892468	0.16890014112919022
Rectangle,0.6759230591119278,0.2501773109594887	0.16910061334413362
Rectangle,0.24460505305364322,0.6940399074381225	0.1697656683802476
Rectangle,0.6844737949895603,0.2489778948233914	0.1704188445382783
Rectangle,0.9074534936870674,0.18873460537413023	0.17126787702640445
Rectangle,0.32160869230950206,0.5353486054182336	0.1721727649182737
Rectangle,0.4897233351136804,0.35326370952013075	0.17300148200082882
Rectangle,0.27445303508003105,0.6344588614146578	0.17412916014867363
Rectangle,0.5787516655200081,0.30288582262719677	0.1752956743078879
Circle,0.2365938350382889	0.17585580972437784
Rectangle,0.29467387047615656,0.6050359442936605	0.17828828348220918
Rectangle,0.4748960699646726,0.3754298356661544	0.17829015350533958
Rectangle,0.6473003048786482,0.27701874683856853	0.17931431928570649
Circle,0.23895757184616018	0.17938720605631175
Circle,0.2399700853395147	0.1809106294128869
Rectangle,0.20736559700123103,0.8755369597643434	0.18155624435817586
Rectangle,0.21479250230579705,0.8493462243694532	0.1824332008562958
Rectangle,0.48973808061194113,0.37352369639842165	0.18292877813724046
Rectangle,0.314547116163453,0.5883919044625314	0.1850769767226112
Rectangle,0.29036314517815986,0.6377183921455334	0.1851699180813362
Rectangle,0.1987462123783167,0.9324467942213541	0.1853202685957978
Rectangle,0.939333594587636,0.19920637282017195	0.18712123824593688
Circle,0.24428862630508008	0.18748061411943037
Circle,0.24452951470462614	0.18785053860110015
Rectangle,0.3722821061099044,0.5107454445639825	0.19014138978831885
Rectangle,0.40292206600002334,0.47401264337443894	0.19099015357856122
Rectangle,0.25335250464806114,0.7580662288531447	0.1920579777690545
Rectangle,0.26705818496184497,0.7211671286155092	0.1925935844222033
Rectangle,0.37729644530246254,0.5117267113352097	0.193072669153094
Rectangle,0.8687815495567525,0.2248418781627609	0.19533847531549398
Rectangle,0.44739487475520323,0.4383602540386591	0.19612013095328495
Circle,0.24998678777171424	0.19632878767810777
Rectangle,0.42015771955772796,0.4697369379114723	0.19736360062491426
Circle,0.2511975027281397	0.19823507882007782
Rectangle,0.21929832450828834,0.9090743826983194	0.19935848897914796
Rectangle,0.39976427555763294,0.5066599297979929	0.2025445397897758
Circle,0.2539981039813012	0.2026799657389378
Rectangle,0.2177103053377515,0.932812697488557	0.20308293719316536
Rectangle,0.4210333389868499,0.48347341392426046	0.20355842577590275
Rectangle,0.23664214035836106,0.8616729899980153	0.20390814064211898
Rectangle,0.3877909425860455,0.5258524338204836	0.20392081097241146
Rectangle,0.8175826635440271,0.2497234060308342	0.20416952745197597
Rectangle,0.5134183134802953,0.3981511447874523	0.20441808926702262
Rectangle,0.9875816583375959,0.20822462735379588	0.20563882278878967
Rectangle,0.291477818881558,0.7072047640545256	0.20613450212925996
Circle,0.2572581143214362	0.20791605996807808
Circle,0.25781410988918263	0.2088157425923402
Rectangle,0.8150833212270103,0.2562189715885602	0.20883981032377266
Rectangle,0.22061170807173114,0.9494767181606232	0.20946568056775675
Rectangle,0.6802323052573208,0.3086359725813703	0.2099441591143608
Rectangle,0.6338224214670614,0.3350693311393491	0.21237445482209089
Rectangle,0.7762016004302799,0.27693417173067547	0.21495674731118428
Rectangle,0.7681489891788642,0.2799040604813956	0.2150080211258437
Circle,0.2623225610535558	0.21618281123057584
Circle,0.2627387616272142	0.21686934606091224
Rectangle,0.3672665219855311,0.5919166868606838	0.21739118288852205
Circle,0.2634568143485475	0.21805635338202567
Rectangle,0.855681648518621,0.25540078219914564	0.21854176234511022
Circle,0.2644773734571847	0.2197490059432943
Rectangle,0.34366288139089896,0.6416663707423866	0.22051691386096942
Rectangle,0.24761745800576018,0.8993916490760436	0.22270507389581864
Rectangle,0.3113001702368604,0.7190401425182352	0.22383731877306298
Rectangle,0.46517757479411537,0.48155257477842817	0.22400745887129112
Rectangle,0.284476622154588,0.79349380805005	0.22573043821465927
Rectangle,0.7362393378472037,0.30790162826870215	0.22668929091862514
Rectangle,0.460321453645102,0.49571182466170227	0.22818678771734072
Rectangle,0.4518446563542913,0.508758480241012	0.22987980067183156
Rectangle,0.6005393946836122,0.3859994564252721	0.23180787990983626
Rectangle,0.668069362993373,0.35055164257655314	0.23419281255239843
Rectangle,0.3410556086612747,0.6884718952956238	0.23480720129623037
Circle,0.27413570379615626	0.23609189458986027
Rectangle,0.4232270812708935,0.5613809722861347	0.23759163038167713
Rectangle,0.42844745606269763,0.5549205511236163	0.23775429844582355
Rectangle,0.3249883799862474,0.7359103580112215	0.23916231506516622
Rectangle,0.5396580849760201,0.4446540490735197	0.23996115259984888
Rectangle,0.9281399494732389,0.25869303402974764	0.24010333953344884
Rectangle,0.3116161512111131,0.7709389057928204	0.2402370146420656
Rectangle,0.6287223486325288,0.38381399769390045	0.24131243806814912
Rectangle,0.3891700053890158,0.6211915270336765	0.24174910992330684
Circle,0.2776150154609901	0.24212284994788333
Rectangle,0.33160124879608865,0.7318232263883028	0.2426734957683439
Rectangle,0.7636200905567682,0.3203155677222723	0.24459940283082418
Circle,0.27994625224434844	0.24620631512653032
Rectangle,0.4508421139046065,0.5510875573647476	0.2484534793088489
Circle,0.28145702583566334	0.24887086713517
Rectangle,0.5302065939898237,0.4705448288939432	0.24948597104738204
Rectangle,0.6238759050735598,0.40087634316847076	0.25009709141680864
Rectangle,0.27715001308330134,0.9082756529535796	0.25172860909932865
Rectangle,0.47590966826293357,0.5290046144349817	0.25175841056531323
Circle,0.28326416375801866	0.2520769537871036
Rectangle,0.845556654283895,0.29923633744662725	0.25302127633153676
Circle,0.2850846630938476	0.25532749266985
Circle,0.28545643680344857	0.25599386274000907
Circle,0.28578275918773555	0.2565794811719996
Rectangle,0.8160580133793232,0.31480212224030024	0.2568967944830143
Rectangle,0.6494200472595449,0.3971469915024166	0.2579152179904855
Rectangle,0.4911373012032244,0.52612498011516	0.25839960282935975
Rectangle,0.2819898668735338,0.917304254281593	0.2586705045473926
Circle,0.28816243509314043	0.26087027957046505
Circle,0.2892366128179725	0.26281878705492073
Rectangle,0.3095706539484755,0.8548714434313197	0.26464311178491084
Rectangle,0.28319819708467786,0.9349747820121493	0.2647831725854804
Circle,0.2907990561904813	0.26566592729843075
Rectangle,0.6247070134133893,0.4261537677943509	0.26622124753367193
Rectangle,0.7383887821191777,0.36258568430622207	0.26772920184871996
Rectangle,0.9597376569378214,0.28042073549400515	0.2691303396397971
Rectangle,0.4279774186784706,0.629598511318348	0.2694539456778344
Circle,0.293362320064973	0.27037002169707086
Rectangle,0.4766978422734103,0.5674094125323268	0.2704828426397835
Circle,0.29406345919722865	0.27166394067041594
Rectangle,0.6846358822705507,0.39681625262755027	0.2716746452169566
Rectangle,0.9014104945328546,0.30141735799036073	0.27170076972687757
Rectangle,0.508752598722322,0.534098895419711	0.2717242010194997
Rectangle,0.7844642582627589,0.34644305369084727	0.2717721931438757
Rectangle,0.6742974869130113,0.40324609332455497	0.27190782733623703
Circle,0.2942151363954212	0.2719442601107132
Rectangle,0.43068508182304355,0.6340133030348789	0.2730600712944749
Rectangle,0.3788481663092922,0.724360359632548	0.2744225939939302
Rectangle,0.4910010379477874,0.5627769929659516	0.2763240876794169
Rectangle,0.44365060604461404,0.6238525574973907	0.2767725652161998
Rectangle,0.6219126534965204,0.445260983794436	0.27691343993006884
Rectangle,0.41297509309463654,0.6743697726754073	0.2784979196508352
Rectangle,0.31161158763602614,0.9035305504449167	0.2815505893017931
Rectangle,0.6046628078507894,0.46634795249982053	0.28198326239400806
Rectangle,0.36806489627616257,0.7685367583673794	0.28287140225290774
Rectangle,0.47353455631512575,0.6071640306998662	0.28751314988796456
Rectangle,0.6119929941843998,0.47084742370546295	0.28815532463751703
Rectangle,0.5160470672029562,0.5606809322960598	0.2893377507480009
Circle,0.30359916453114444	0.2895683002782671
Circle,0.3037767420601726	0.2899071408778375
Rectangle,0.6434591742512366,0.45091855867596475	0.29014768342019404
Rectangle,0.297640947613532,0.9761309780780273	0.2905365493100679
Rectangle,0.7003528141166507,0.41548804330825617	0.29098822036275807
Circle,0.30776246589389467	0.2975645417384275
Rectangle,0.990671293031801,0.300805723694493	0.29799959524379005
Rectangle,0.47004904251778823,0.6395950473543034	0.30064103960800975
Rectangle,0.4758024426776931,0.6319398425270513	0.3006785206997277
Rectangle,0.38609031425487705,0.7802952679881374	0.3012644452291335
Rectangle,0.41727505870449066,0.7272700992186698	0.3034716733454912
Rectangle,0.3317948813943292,0.9147800457695143	0.3035193367879951
Rectangle,0.7324768964371065,0.41585481283466974	0.30460404267357266
Rectangle,0.43233147235341585,0.7108880410054743	0.30733927344633216
Rectangle,0.45379739531312824,0.6806629170026297	0.3088830588220294
Circle,0.31423999036518035	0.31022213205056626
Circle,0.31486975788071025	0.31146680870167004
Rectangle,0.5461585870889806,0.5731273585959592	0.3130184283928086
Rectangle,0.7191310894944164,0.43595793050651366	0.3135109015388802
Rectangle,0.5335815402580157,0.5918518530414448	0.3158012233504149
Rectangle,0.6752030998729811,0.46969326142949797	0.31713834610664754
Circle,0.3194188716166907	0.32053172073320146
Circle,0.3201397217095193	0.3219800762238077
Rectangle,0.6345895615516385,0.507487447739706	0.32204623695410006
Rectangle,0.5855449108386163,0.5504060121724565	0.32228743932255943
Rectangle,0.339239937364347,0.9512957856432801	0.3227175227365936
Rectangle,0.49710775990844336,0.6577440985833484	0.3269696954397666
Rectangle,0.6522736219694388,0.501371234272743	0.3270312309303701
Rectangle,0.4750925438113863,0.6890473536076908	0.3273612600319816
Rectangle,0.36244313892185065,0.9050457752621239	0.328027631653964
Circle,0.32318743720633925	0.3281397283014089
Rectangle,0.7728301339925906,0.4254471715580518	0.32879839460197785
Rectangle,0.6653570878244379,0.49418258535883786	0.32880788584790804
Rectangle,0.38430131681142576,0.8574959221903701	0.3295368120581871
Rectangle,0.3858641590959868,0.859948611382149	0.33182334779673445
Rectangle,0.7787331236498121,0.42879704325249723	0.3339184609038207
Rectangle,0.7196421552323246,0.46524701246537503	0.33481136276598267
Circle,0.3264772572275577	0.3348541911930621
Rectangle,0.7518988726041461,0.4453535494583708	0.33486083174800385
Rectangle,0.49436572671235035,0.6792807371657111	0.33581311527062785
Rectangle,0.5279437652604951,0.636236272924022	0.33589697352281217
Rectangle,0.3401486053480317,0.9897480741941582	0.33666142708304314
Rectangle,0.5671395019797456,0.5963681212556811	0.3382239192855435
Circle,0.32926073953825874	0.3405883364196992
Rectangle,0.34340417038598603,0.9938234050079628	0.3412831019069353
Rectangle,0.5500657315301427,0.6205046949112778	0.34131836892426004
Rectangle,0.9917236411716692,0.34451465386093316	0.3416633269639619
Rectangle,0.46026851322077544,0.7468037366763698	0.3437302455477522
Rectangle,0.7353892669661897,0.4702988190453984	0.3458527037928602
Rectangle,0.5801464610408583,0.5994496314651108	0.34776858226673074
Rectangle,0.5261533714336344,0.661635030465995	0.3481215019382787
Circle,0.332963110939394	0.3482908890314094
Rectangle,0.3521544824734584,0.9906210966663808	0.34885165962383907
Circle,0.3343248808481113	0.35114563136617916
Rectangle,0.8986021643544478,0.3912799503271551	0.3516050102324824
Circle,0.3346655544751127	0.35186162357353157
Rectangle,0.6678591146525779,0.5269878335644724	0.3519536279570486
Rectangle,0.40713143657824846,0.8686517710083618	0.35365544341687405
Circle,0.33596481662559885	0.3545989707184284
Rectangle,0.5967700086557685,0.6005357371414652	0.3583817170520105
Circle,0.3384304639669884	0.3598228767383585
Rectangle,0.5688722860347801,0.635406643411057	0.36146522979893436
Circle,0.3396788764209453	0.3624824238728637
Rectangle,0.9453477294069816,0.383448702331152	0.36249236009280816
Rectangle,0.41735012377223424,0.8757969107310166	0.36551394909293017
Rectangle,0.7632020798221653,0.4821403182260492	0.36797049363624135
Rectangle,0.4859085612662106,0.7616117152765634	0.3700736528135257
Rectangle,0.8131017735438257,0.4558815902641561	0.370678129569765
Rectangle,0.472445890893215,0.788099310212639	0.37233428072573843
Rectangle,0.8115265540149095,0.4596522990162647	0.37302004626570007
Circle,0.3448310178204762	0.3735618528117232
Rectangle,0.7020784567792437,0.5342254946233077	0.37506821083726005
Circle,0.346588753734552	0.3773799351802445
Rectangle,0.4313376045304874,0.8767753604152309	0.37818618367286044
Rectangle,0.5668188623005033,0.6715198825686584	0.3806301358497345
Rectangle,0.3877598015366752,0.9871256715536049	0.38276765449338307
Circle,0.34916882889435685	0.3830194296920494
Circle,0.3498370206589172	0.3844867732221253
Rectangle,0.5471149903522841,0.705133062483762	0.3857888686778799
Rectangle,0.9701479639056234,0.398502616528709	0.38660650203639046
Rectangle,0.5607845832045949,0.6908462472088817	0.3874159247994912
Circle,0.3514548143173125	0.38805105297765224
Rectangle,0.7089489392538366,0.5477270529570447	0.38831051319452686
Rectangle,0.5126504797373929,0.7579614085279933	0.38856927970430577
Rectangle,0.9692033323729389,0.4016317498001284	0.38926283029305886
Rectangle,0.4813882616763434,0.8114036637474473	0.3906001992091999
Rectangle,0.49650711936502756,0.7890397678764743	0.3917638622127983
Rectangle,0.5845022185697094,0.6735634049912497	0.3936993045647531
Circle,0.3547199701742553	0.39529484537521725
Circle,0.3547651084572553	0.39539545468599774
Circle,0.3572062453069049	0.4008556040027711
Circle,0.35909364180853554	0.4051028547472217
Circle,0.35944485711477847	0.4058956724695119
Circle,0.3597416042872419	0.40656614033167504
Rectangle,0.521706802477823,0.7827311734033718	0.40835617767598753
Rectangle,0.7584966570460229,0.5433396991973215	0.41212134548156
Circle,0.3630531817358842	0.4140858279608816
Circle,0.3638295546901883	0.4158587295326095
Rectangle,0.550278534714998,0.7608673371862421	0.41868896341934764
Rectangle,0.6931392286100799,0.612856350335607	0.42479477792041154
Circle,0.3686234674169021	0.42688985365663923
Rectangle,0.659767575600981,0.6485901962353838	0.4279187813287837
Rectangle,0.46547623566356844,0.9219953239681915	0.429166912700126
Rectangle,0.7359993089136522,0.5849962501943304	0.4305568358601052
Circle,0.3709476369108682	0.43228990145253116
Rectangle,0.4993370863943437,0.866017151700601	0.43243448129770645
Circle,0.3722711057977789	0.4353800564393475
Rectangle,0.47007643321628123,0.9293173310258549	0.436850176294708
Rectangle,0.9563580954973534,0.45876567494703435	0.4387442671719037
Circle,0.3748854257054417	0.44151654883004043
Rectangle,0.7794662139322247,0.566975207414044	0.4419380183164627
Rectangle,0.48306527911029484,0.9154765739663319	0.4422349467219826
Circle,0.3765762482530276	0.4455082198309279
Rectangle,0.5707317284171368,0.7842408880901001	0.4475911575550532
Circle,0.3777192917472022	0.4482168777994849
Circle,0.37911601109363635	0.45153781301207135
Rectangle,0.5652385944514761,0.8029442969009642	0.4538551058031297
Rectangle,0.6550475937450967,0.6986740272022721	0.4576647403310446
Rectangle,0.9643393711504682,0.4775027948169055	0.46047474487632567
Rectangle,0.6448149863502233,0.715060980492478	0.4610820363758345
Circle,0.3832620932988259	0.4614680176002589
Rectangle,0.6704531867558147,0.691264022161575	0.46346016654787003
Rectangle,0.7029952123172882,0.6612383760344216	0.4648474125526571
Rectangle,0.6390907472849929,0.7293311112616511	0.4661087649144029
Rectangle,0.6457499557705062,0.7307163716704067	0.4718600646869499
Circle,0.38886665144957633	0.47506307272622417
Rectangle,0.923210219265365,0.5160791995434788	0.4764495909688291
Circle,0.38944997783438196	0.47648939545542823
Rectangle,0.6957794899771965,0.6930252757876617	0.4821927729288452
Rectangle,0.7264758274497436,0.6658808048575837	0.4837463086918144
Rectangle,0.502872821853606,0.9637121301730432	0.48462463835466796
Rectangle,0.4949766895997244,0.9807446107323742	0.4854457207630809
Rectangle,0.6013801115525594,0.8087700769373138	0.48637823908893385
Rectangle,0.9111138879029643,0.5400628121148663	0.492058728457784
Circle,0.3981043346885301	0.49790178746219493
Rectangle,0.9752010512828044,0.5121959388093555	0.4994940179896665
Rectangle,0.8431673014926169,0.5933838260638075	0.5003218393715849
Rectangle,0.8671013950285165,0.5773664708364801	0.5006352723050032
Rectangle,0.8267922333616639,0.6067426006852487	0.501650069896221
Rectangle,0.6851440360383169,0.7394274686480616	0.5066143202271289
Rectangle,0.668788298751782,0.7640858552228208	0.5110116792147708
Circle,0.40357842248031306	0.5116886096263263
Rectangle,0.7918845049781769,0.6470418793697387	0.5123824383448548
Rectangle,0.9439776703710877,0.5466104093299952	0.5159880207999155
Circle,0.40588031941005265	0.5175423096638818
Circle,0.40608139930399967	0.518055234908666
Circle,0.40673783281233367	0.5197314686775141
Circle,0.4074613566913592	0.5215821575233799
Rectangle,0.7900251024886031,0.6603262972980527	0.521674350698814
Rectangle,0.5921734063008296,0.8817228798015135	0.5221328411454392
Rectangle,0.669377165408402,0.7840874151598114	0.5248502113920754
Rectangle,0.6095939569997251,0.8656010344618296	0.5276651597806421
Circle,0.410366946021018	0.5290474399195477
Rectangle,0.990217137503629,0.5369589925365739	0.5317059965463987
Rectangle,0.6338346407368832,0.8393031220388912	0.5319793928268651
Rectangle,0.7948304931929302,0.671838723736496	0.5339979041335879
Rectangle,0.85145374915201,0.6279751989179423	0.5346918374931612
Rectangle,0.6952760142982849,0.7694636691712589	0.5349896330487269
Rectangle,0.583125380224808,0.9203046081130789	0.5366529745285821
Circle,0.4152982031640562	0.5418386454126932
Rectangle,0.9689648611885373,0.5607107042054831	0.543308969667393
Rectangle,0.8975116718849367,0.6062605268765392	0.5441258990748054
Rectangle,0.9325638121441376,0.5839253054461495	0.5445476088542912
Circle,0.4175500310892214	0.5477304853859989
Circle,0.4178763926198926	0.5485870439103782
Circle,0.41984563431023536	0.5537696574952943
Circle,0.4200024584210781	0.5541834317326094
Rectangle,0.7568293085449863,0.7374658242243398	0.5581357498232655
Rectangle,0.5613256910645205,0.9958326974308169	0.5589864770699988
Rectangle,0.7916322793553455,0.7061640158985687	0.5590222295045084
Circle,0.4219935977386111	0.5594504106276955
Rectangle,0.9578085558185294,0.5861417344014062	0.5614115681319789
Rectangle,0.7311108754565808,0.7695726963668474	0.5626429677682473
Circle,0.4238385414344945	0.564352905776847
Rectangle,0.7509770215271675,0.752235384450582	0.5649114885020419
Rectangle,0.6837048007120474,0.8271011215555906	0.5654930074818759
Rectangle,0.6249710425098977,0.9053739958786335	0.5658325300656214
Rectangle,0.6740414256137606,0.8410292971468003	0.5668885864317683
Rectangle,0.5718674935140527,0.9928895787436803	0.5678012747323722
Rectangle,0.9717196483774785,0.5862341011959125	0.5696551946809792
Rectangle,0.8231771733020157,0.6928426647845899	0.5703322663404147
Circle,0.4271626018412805	0.5732397777505919
Rectangle,0.9717266979995198,0.5949534367152522	0.5781321385227783
Circle,0.4297480767472204	0.5802000424243797
Circle,0.4297662934208478	0.5802492318886064
Rectangle,0.8141630013647646,0.7133104674764558	0.5807509911055345
Rectangle,0.8100196228505432,0.7226762548166016	0.5853819473695867
Rectangle,0.8674506274562098,0.6776859146917087	0.5878590719175582
Rectangle,0.909437661893425,0.6481475819895516	0.5894498215264548
Circle,0.4339312499050755	0.5915503659080812
Rectangle,0.8004090057034738,0.7397053910835448	0.5920668565906794
Rectangle,0.9510514429215465,0.6232625076118715	0.5927547071831718
Circle,0.43509901414950214	0.5947385247235497
Circle,0.4359613670111825	0.5970983678983751
Circle,0.43737602133777564	0.6009797129920367
Circle,0.44107513329979275	0.611188284309521
Rectangle,0.6778243171135296,0.9073974078456278	0.6150560283235497
Circle,0.44262023114474514	0.6154778017340892
Rectangle,0.6250601099920414,0.9894476922141124	0.6184642833267247
Rectangle,0.7010261977722534,0.8823585515332427	0.618556460453182
Circle,0.444505851486209	0.6207330044766337
Rectangle,0.8265507265040481,0.7535325261079144	0.6228328568989273
Rectangle,0.8438873384418082,0.749132318812829	0.6321832786636984
Rectangle,0.7912351906937616,0.8014007830511225	0.6340965013995847
Circle,0.44950525843496647	0.6347744324975831
Rectangle,0.7917008777519615,0.8025906106754548	0.6354116909472404
Circle,0.4502221939206704	0.6368009059627626
Rectangle,0.65712042064459,0.9753011419631487	0.6408902966619732
Rectangle,0.7456667723196866,0.861295988135136	0.642239799484622
Rectangle,0.8374682835130742,0.7740325567838686	0.6482277167130226
Circle,0.45511341890947954	0.6507125070940477
Circle,0.4558864835372656	0.6529250107926964
Circle,0.4565612558717622	0.6548592720831916
Rectangle,0.7494607198293591,0.8805522530971273	0.6599393254535371
Circle,0.4585097947982151	0.6604608937735434
Rectangle,0.8503502745163549,0.7769177656766498	0.6606522353197722
Rectangle,0.6699333936622095,0.9903174420444966	0.663446724751748
Rectangle,0.6827454731570625,0.9773247417190055	0.6672640432130463
Rectangle,0.9471500960592386,0.7281822552892874	0.6896978930458816
Rectangle,0.7393945523349393,0.9360911187542286	0.6921406736959954
Circle,0.4702332964934208	0.6946669353630949
Circle,0.4706915769380473	0.6960216135809977
Rectangle,0.7677746955261252,0.9076683726872321	0.6968848084786332
Rectangle,0.977004314901934,0.7139403308608666	0.697522783833581
Circle,0.4716978957388769	0.6990009248912066
Rectangle,0.8704672466576614,0.806261610780209	0.7018243244216196
Rectangle,0.7178187245682212,0.9825056729486562	0.7052609690370463
Circle,0.47392411751549823	0.7056144936483638
Rectangle,0.7533784005126337,0.9373878374923098	0.706207749669953
Circle,0.47456689521336803	0.7075298248902595
Rectangle,0.8645751956636328,0.8236480183735612	0.7121056466432851
Rectangle,0.8275152854380619,0.8613471450700885	0.712777928613934
Rectangle,0.9827306528030227,0.7322949747938963	0.7196487186235788
Rectangle,0.865219683930686,0.8326872440521251	0.7204573941118937
Circle,0.47976495505031147	0.7231142420802027
Circle,0.479914629688714	0.7235654994902385
Circle,0.4827003572690344	0.731989941314988
Rectangle,0.9931383327400589,0.7384662545399017	0.733399144818554
Circle,0.48320278919978776	0.7335145580606988
Rectangle,0.8602388007123805,0.8578652638294512	0.7379689857294569
Rectangle,0.8006619351245302,0.925042532965786	0.7406463445168833
Circle,0.48590463071056	0.7417404246427983
Rectangle,0.9087598968442835,0.81798255137098	0.7433497390043156
Rectangle,0.7585515569349522,0.9983921543157004	0.7573319230878156
Circle,0.4932680807630938	0.764391588388235
Rectangle,0.8055779248794124,0.9509175266586829	0.766038167857165
Circle,0.49617287657384335	0.773420915068327
Rectangle,0.8935960723765419,0.8662149056968365	0.7740462375647097
Circle,0.4973697446991786	0.7771567069685418
Circle,0.49813296538476437	0.7795436521872462
Circle,0.4984277110531099	0.780466438300317
Circle,0.4989796893054781	0.7821960333196535
Circle,0.4999809409345576	0.7853382887186473
Circle,0.5023928403710011	0.7929334808982602
Rectangle,0.9783509150102168,0.8126204109740264	0.7950279226324171
Circle,0.5035877896025734	0.7967099761720186
Circle,0.5042849470031975	0.7989174034864381
Circle,0.5056805525558639	0.803345520614953
Rectangle,0.8491876676056355,0.9517553002637521	0.8082188635622769
Circle,0.5100062830311498	0.8171483828217168
Circle,0.5105352405927822	0.8188442872824694
Circle,0.5114381355695337	0.821743143610098
Rectangle,0.8252360651694064,0.9967427268610409	0.8225480459010298
Circle,0.51694951489093	0.8395491706206905
Rectangle,0.9594228357713741,0.8840008639521069	0.848130615717275
Rectangle,0.8596285368594729,0.9882111757646111	0.8494945271307122
Circle,0.5235645139566082	0.8611727507462456
Circle,0.5247795630269907	0.8651744784696643
Rectangle,0.8808837137922777,0.9837128399900319	0.866536619795568
Circle,0.5261893617828984	0.8698292339359748
Rectangle,0.9118932825786199,0.9552530745956991	0.8710888618863913
Circle,0.5276626958621207	0.8747071099253192
Circle,0.5278071903880471	0.8751862330297626
Rectangle,0.9637866774354921,0.9189664924000794	0.8856876623848209
Circle,0.5332875022919358	0.8934550023261378
Circle,0.5335365124527718	0.8942895664758103
Circle,0.5348814013032516	0.8988037314522436
Circle,0.5381250303866268	0.9097378400663519
Circle,0.5418993010002079	0.9225439270678477
Circle,0.5421774740657187	0.923491308763668
Circle,0.5439402629763337	0.9295061904421293
Circle,0.5450104323510337	0.9331672821495506
Rectangle,0.9695517647943561,0.9641971669795119	0.9348390648547041
Circle,0.5462766855689011	0.9375084788407694
Rectangle,0.9934464145843089,0.9443752553828813	0.9381862114822644
Rectangle,0.9736982740948574,0.9649192479106167	0.9395402063314753
Circle,0.5489701829444007	0.9467763171766524
Circle,0.5493276244017958	0.9480096347264726
Circle,0.5504748258556181	0.9519733663748329
Circle,0.5511347484549209	0.9542572321460522
Circle,0.5514683816449566	0.9554129141264293
Circle,0.5537188810909615	0.9632267566442916
Circle,0.5561232879962562	0.9716101348897284
Circle,0.5574620842393629	0.9762938220054556
Circle,0.5584748430761768	0.979844371433924
Circle,0.5588672228819045	0.9812217162221374
Circle,0.5592947580630405	0.9827235658529927
Circle,0.5602269337428252	0.9860021033392278
Circle,0.5632234929973399	0.9965782303128428
Circle,0.564812698151309	1.002210103549108
Circle,0.5655826035024415	1.0049442234411172
Circle,0.5670670915158091	1.0102265127088415
Circle,0.5702511663523161	1.0216031824359226
Circle,0.5710022939057976	1.024296240228702
Circle,0.5752604651890292	1.03963030107844
Circle,0.5754695142102426	1.040386039389802
Circle,0.5784055849711036	1.0510293121483356
Circle,0.5871853791856178	1.083179268049122
Circle,0.5872920497760548	1.083572853690788
Circle,0.5884556211988644	1.0878707610124332
Circle,0.5893177535955224	1.091060723455966
Circle,0.5893516422551389	1.091186209743669
Circle,0.5913383642569915	1.0985554524694534
Circle,0.5925686394858285	1.103131281003759
Circle,0.5948683725029914	1.111710304844367
Circle,0.5987124326302851	1.126124548890393
Circle,0.5987145104736964	1.1261323653792683
Circle,0.5997350696535656	1.129974811918623
Circle,0.6009223769297827	1.134453307197747
Circle,0.6030390125180506	1.142459177057329
Circle,0.6039158708872912	1.1457840140691418
Circle,0.6116317561471972	1.1752490933055868
Circle,0.6138058195353054	1.1836188583783722
Circle,0.6147848347877941	1.18739759426392
Circle,0.6148516470082547	1.187655691003211
Circle,0.6159772684584737	1.1920082024674614
Circle,0.6175604666786003	1.1981435279207227
Circle,0.6184685402759739	1.2016696681869259
Circle,0.6194942239649961	1.2056587312666875
Circle,0.6220336859846172	1.2155635853427438
Circle,0.6249718821627148	1.2270742143034838
Circle,0.6288541844524902	1.242366644795541
Circle,0.6291330073482145	1.2434685761109872
Circle,0.632472231051775	1.256703421459676
Circle,0.6350219095636132	1.2668561145253947
Circle,0.6360455448808815	1.2709436706883488
Circle,0.6370524374688956	1.2749707932437053
Circle,0.6370982072789669	1.2751540034911517
Circle,0.6371042630199637	1.2751782447744813
Circle,0.6385367877737326	1.2809191515496186
Circle,0.6403636846829942	1.2882592293222435
Circle,0.6442293720049024	1.3038598603695069
Circle,0.6455038476034627	1.3090238015111098
Circle,0.6466205081318078	1.313556693288558
Circle,0.6478792984545683	1.3186759305478284
Circle,0.6483719876227504	1.3206823054535821
Circle,0.6494802158738423	1.325200909933326
Circle,0.6497885351389289	1.3264593992352602
Circle,0.6506463650138007	1.329964008913116
Circle,0.6514581538248742	1.3332847787827364
Circle,0.6514710352157074	1.3333375058290537
Circle,0.6560871034641113	1.3522994604175989
Circle,0.6569263654572336	1.3557613770867127
Circle,0.6599117064580458	1.3681116397023363
Circle,0.6602105621565142	1.3693510798824091
Circle,0.6636748164065916	1.3837592894554367
Circle,0.6659306158784244	1.3931819412864976
Circle,0.6694753231674295	1.4080530570494036
Circle,0.6713311625250118	1.4158703494272245
Circle,0.6747174776531812	1.4301901838757702
Circle,0.6782298386039095	1.4451191556993794
Circle,0.6782516958482937	1.4452123006178632
Circle,0.6793611240642945	1.449944085693322
Circle,0.6855859324451246	1.4766367341014939
Circle,0.6857793570497825	1.4774700597394197
Circle,0.6870351989549108	1.4828862850036433
Circle,0.6880042371848557	1.4870723497133391
Circle,0.6906197055070383	1.4984001387856247
Circle,0.6921175854222857	1.5049069251156941
Circle,0.6991483703954693	1.5356370161384323
Circle,0.7002755013353492	1.5405923568686402
Circle,0.7016866515719288	1.54680761850399
Circle,0.7028082643369111	1.5517565676080294
Circle,0.7036340680263713	1.55540535552663
Circle,0.7076664650351503	1.5732839207079818
Circle,0.7079543893146005	1.5745644075296445
Circle,0.7080525206054077	1.5750009462357724
Circle,0.7087583606075295	1.5781426701934884
Circle,0.7104100563826623	1.5855066716910453
Circle,0.7130461596131353	1.5972951133709774
Circle,0.7150680087805328	1.6063662467778994
Circle,0.7167524103200935	1.6139430159044321
Circle,0.7170172840365369	1.615136091972603
Circle,0.7176074245262524	1.6177958589632533
Circle,0.7177941014369088	1.6186376685772454
Circle,0.7203296025915507	1.6300930599123942
Circle,0.7213381483972668	1.6346608978169213
Circle,0.7213382554935133	1.6346613832094097
Circle,0.7236428756765746	1.6451233035693529
Circle,0.7251901586630288	1.6521659836793638
Circle,0.7271163402168054	1.6609542937821702
Circle,0.7383281365902309	1.7125714938242538
Circle,0.7397450247813229	1.7191508195028415
Circle,0.7405324291702597	1.7228125875304072
Circle,0.7415436787450727	1.7275210458567827
Circle,0.741932600120682	1.729333605441335
Circle,0.7450883672264097	1.7440761316963063
Circle,0.7468050611937488	1.7521221414485855
Circle,0.7493861379666904	1.7642542947986795
Circle,0.7494777992775503	1.7646859114064308
Circle,0.7495650961380305	1.7650970256827223
Circle,0.7502024871920324	1.7681001948652992
Circle,0.7507711014034462	1.770781465383361
Circle,0.7542493772195733	1.787227314415357
Circle,0.7581903936151222	1.8059529342998055
Circle,0.7583851360724491	1.8068807774432087
Circle,0.7603785270834607	1.8163919172644771
Circle,0.7620751581253158	1.824506783607713
Circle,0.7645349989647718	1.8363041489216207
Circle,0.7653869626766359	1.840399020145789
Circle,0.7684819240390486	1.8553129928040273
Circle,0.7692211686803899	1.85888416297689
Circle,0.7710633567509927	1.8677984125847245
Circle,0.7743662175554393	1.883834165756595
Circle,0.7779255473949296	1.9011918371277967
Circle,0.7804432732028289	1.9135180185256913
Circle,0.781620074974813	1.9192930164000126
Circle,0.7837313686009668	1.929675717877289
Circle,0.7838448474079259	1.9302345653606108
Circle,0.7859168427193587	1.9404527175550184
Circle,0.7898771065546095	1.9600580143427953
Circle,0.801018505061391	2.015742122066266
Circle,0.8034608511978137	2.0280530622123942
Circle,0.8082771785737008	2.0524401715435348
Circle,0.8144531088885323	2.0839248021193706
Circle,0.8200337849841243	2.1125809712586694
Circle,0.8202195960523636	2.113538457174572
Circle,0.8212135482807471	2.1186639848517435
Circle,0.822794194318884	2.126827709692844
Circle,0.8233060184630735	2.129474544960068
Circle,0.8244685761864261	2.135492683775423
Circle,0.8276889189241556	2.1522075695578047
Circle,0.8284261359238043	2.1560431908338056
Circle,0.8304646441833654	2.1666669970796653
Circle,0.8345166309759917	2.1878616957985746
Circle,0.8362504300844077	2.1969621811010156
Circle,0.8367471742633585	2.1995730073977477
Circle,0.8394468087551831	2.2137890631596253
Circle,0.8407343082454622	2.220585057960949
Circle,0.8443947594299863	2.239963446630558
Circle,0.8464512621310085	2.250887485000969
Circle,0.8465155321017056	2.251229312041156
Circle,0.84859525189655	2.262304542830249
Circle,0.8497309078946509	2.268363777474896
Circle,0.8601929211800016	2.324564500710955
Circle,0.8611929317561413	2.3299724510551663
Circle,0.863490051003201	2.342418820604886
Circle,0.8637387182775735	2.3437681512066604
Circle,0.8644333431834292	2.3475394175342217
Circle,0.8687605028304174	2.371100754446481
Circle,0.8694025594106423	2.3746067688056183
Circle,0.8776713068209882	2.4199905697308104
Circle,0.887329648344	2.4735452431900655
Circle,0.8880925353025981	2.477800362143951
Circle,0.8895918161432588	2.486173485959924
Circle,0.8927639644775052	2.5039357269896168
Circle,0.8981347897193042	2.534153463390656
Circle,0.8981353611441023	2.5341566880259974
Circle,0.8996097276197832	2.5424835895950015
Circle,0.9024287950564271	2.5584430942769303
Circle,0.9039357389468733	2.5669947922184235
Circle,0.9071144481540311	2.5850803187893407
Circle,0.9078307792179533	2.589164708568341
Circle,0.909157258871825	2.596736567842805
Circle,0.9095127109954261	2.5987674507370477
Circle,0.909687758367845	2.599767879174515
Circle,0.9111095711668197	2.607900937743662
Circle,0.9111579538060604	2.608177919754236
Circle,0.9113028939489978	2.609007764340398
Circle,0.911689408292885	2.6112213703394453
Circle,0.9117302601959982	2.6114553880902758
Circle,0.9133885753839791	2.6209638024257473
Circle,0.9146176548160365	2.6280222224017904
Circle,0.916580708915871	2.639315435750051
Circle,0.9166114293364852	2.63949235904398
Circle,0.9189690201864015	2.653087751018647
Circle,0.9192888238522768	2.6549346355260552
Circle,0.9220917844391299	2.671149391945704
Circle,0.9226053940743029	2.6741259072409718
Circle,0.9263172831122449	2.6956866444826937
Circle,0.9268759465298173	2.698939170741008
Circle,0.9302946175695764	2.7188853159880138
Circle,0.9316453893538423	2.726786597520614
Circle,0.9320830804492735	2.7293493120040195
Circle,0.9355655622851048	2.7497823954750182
Circle,0.9375887164319292	2.761688025840643
Circle,0.939710082761404	2.7741992252592897
Circle,0.9397623265418836	2.7745077005791936
Circle,0.9452762432630728	2.80716124400113
Circle,0.9464849175313731	2.8143445679758745
Circle,0.9473881807837321	2.819718783633605
Circle,0.9498325231109633	2.8342877840697134
Circle,0.9526481382105897	2.851116206651823
Circle,0.9549403360510769	2.8648530410105146
Circle,0.9552041169676119	2.8664359627996316
Circle,0.959579113667155	2.8927536195171193
Circle,0.9615338075402856	2.9045508894721843
Circle,0.9629539179264479	2.913136815092475
Circle,0.963558819971091	2.9167978747854573
Circle,0.9650491381216877	2.9258275643115668
Circle,0.971049732060124	2.962325780826018
Circle,0.9731803177792215	2.97533935331819
Circle,0.9732101414650364	2.975521718177245
Circle,0.973639899400263	2.978150207866299
Circle,0.973947988506387	2.9800352596272632
Circle,0.9808309371120053	3.0223042668569304
Circle,0.9839175477524611	3.041356184005682
Circle,0.9842984952776174	3.0437117094326624
Circle,0.9888362874753308	3.0718405109900337
Circle,0.9907175091603184	3.083539737719927
Circle,0.9929935447010587	3.09772401868989
Circle,0.9938469667006478	3.103050945297271
Circle,0.9943440984179021	3.10615607297735
Circle,0.9953188996477499	3.112249273414038
Circle,0.9980642786343525	3.1294419291480886
Circle,0.9994155367755304	3.137921436004664
